Year;Inflation (%);Real interest rate (%);Unemployment, total (% of total labor force);GDP per Capita ($);GDP Growth %;HAMI INDEX
1960;;;;2312,949992;0;0
1961;;;;2343,292213;0,013118408;-0,013118408
1962;;;;2448,628633;0,044952319;-0,044952319
1963;;;;2622,220271;0,070893412;-0,070893412
1964;;;;2813,546976;0,072963628;-0,072963628
1965;;;;2151,294927;-0,235379773;0,235379773
1966;;;;2191,312542;0,018601641;-0,018601641
1967;;;;2188,399139;-0,001329524;0,001329524
1968;;;;1885,156152;-0,138568409;0,138568409
1969;;;;2077,895543;0,102240544;-0,102240544
1970;;;;2356,540303;0,134099503;-0,134099503
1971;;;;2772,918597;0,176690504;-0,176690504
1972;;;;3294,648943;0,18815206;-0,18815206
1973;;;;4323,196535;0,31218731;-0,31218731
1974;;;;4610,570426;0,066472549;-0,066472549
1975;;;;4171,76974;-0,095172754;0,095172754
1976;;;;4373,840998;0,048437778;-0,048437778
1977;;;;4950,588205;0,131862866;-0,131862866
1978;;;;5936,98526;0,199248456;-0,199248456
1979;;;;6668,138666;0,123152303;-0,123152303
1980;;;;7467,168038;0,119827948;-0,119827948
1981;;;;7813,887543;0,04643253;-0,04643253
1982;;;;7656,475732;-0,020145134;0,020145134
1983;;;;7598,312039;-0,007596667;0,007596667
1984;;;;6713,760131;-0,116414265;0,116414265
1985;;;;7600,565242;0,132087697;-0,132087697
1986;13,22;;;9427,55394;0,240375372;12,97962463
1987;15,76;;;12330,91683;0,307965662;15,45203434
1988;6,35;;;13759,15563;0,11582584;6,23417416
1989;5,69;;;13312,38559;-0,032470746;5,722470746
1990;6,06;;;13663,02162;0,026339083;6,033660917
1991;2,65;;10,60999966;12230,07345;-0,104877838;13,36487749
1992;1;;10,67000008;11793,13924;-0,035726213;11,70572629
1993;1,32;;9,800000191;13094,34545;0,110335864;11,00966433
1994;1,71;;8,350000381;15280,31278;0,166939794;9,893060587
1995;3,75;;6,460000038;17400,42018;0,138747644;10,07125239
1996;2,31;;6,289999962;18794,43604;0,080113919;8,519886043
1997;1,17;;6,860000134;17474,18703;-0,070246801;8,100246935
1998;1,26;7,794283211;7,71999979;14738,44557;-0,156559012;16,93084201
1999;-0,11;6,503803567;7,019999981;15322,22383;0,039609215;13,37419433
2000;2,61;4,827116753;6,130000114;13641,10272;-0,109717828;13,6768347
2001;2,65;3,64817124;5,429999828;13882,85683;0,017722475;11,71044859
2002;2,65;6,817116883;5,28000021;16874,18749;0,215469388;14,53164771
2003;1,73;4,649236419;4,75;21913,70817;0,298652642;10,83058378
2004;2,31;4,166390954;4,010000229;25420,23488;0,160015214;10,32637597
2005;3,04;5,615728395;3,809999943;27751,06547;0,091691937;12,3740364
2006;3,36;5,340128771;3,859999895;26671,32942;-0,038907913;12,59903658
2007;2,39;3,11581412;3,660000086;32511,12666;0,218954112;8,946860093
2008;3,93;6,235817802;4,170000076;31290,25372;-0,037552465;14,37337034
2009;2,16;3,952050905;6,119999886;28205,73284;-0,098577688;12,33062848
2010;2,26;3,02940465;6,559999943;33700,12604;0,194797037;11,65460755
2011;4,08;3,611953577;6,489999771;38437,54316;0,14057565;14,0413777
2012;1,03;6,086054144;6,929999828;39982,7543;0,04020057;14,0058534
2013;1,13;1,24302337;5,769999981;42962,98821;0,074537984;8,068485367
2014;1,22;5,349165595;5,369999886;44486,20321;0,035454121;11,90371136
2015;0,29;4,299215145;5,349999905;38501,22122;-0,134535689;10,07375074
2016;0,65;2,478661338;5,079999924;39927,80483;0,037052945;8,171608317
2017;1,85;1,077193835;4,699999809;42674,062;0,06878057;7,558413074
2018;1,6;-0,793952043;4,300000191;42427,58315;-0,005775847;5,111823995
2019;1,62;;4,070000172;41557,80241;-0,02050036;5,710500532
2020;1,72;;4,550000191;;-1;7,270000191
2021;;;;;;
;;;;;;
